-0.584498519700527 -0.0358725055864216
-0.358933427117 -0.256852375356261
-0.590541473216148 0.120433314009001
-0.523096987440202 0.0973325242416563
-0.595136838169637 -0.0602856955856862
-0.565684471291749 0.105218912679955
-0.315955359983268 -0.216940957867303
-0.318643157319526 0.189416778377119
-0.577062571604114 0.0429050828144491
-0.521906560697255 -0.113039727130913
-0.425299438949747 -0.288080921066916
-0.595880374408594 0.0203751534079516
-0.595845816323316 -0.0107979885524489
-0.597231748425677 0.0636855758848673
-0.541510362621862 0.127522343050785
-0.27414470421104 -0.279015245559606
-0.478608130555578 -0.22109377558651
-0.579984878409378 -0.0435477348015228
-0.313603384577972 0.281029271223072
-0.415764662161285 0.176004948513503
-0.400603268937398 -0.269735040057041
-0.461546826947692 -0.14892104356756
-0.372724270227403 0.19627774003707
-0.579974020917774 -0.146666002171386
-0.579618739956422 -0.106628491972468
-0.593943710851381 -0.0272272849977564
-0.504581685639864 0.155315514412431
-0.284898349584544 0.288681150301288
-0.329926300279291 -0.364488766257486
-0.343719703313678 0.253396343489624
-0.593857257748128 0.0472156669236036
-0.599645289081368 0.0579539122516284
-0.336546844790391 0.271338624488583
-0.599481290837233 -0.0774831806693482
-0.406044818125685 0.181623479892162
-0.336417605516627 0.274634412848023
-0.359369860077739 0.245730320957999
-0.519129807990469 0.164181073079338
-0.484759442204602 -0.171306888541548
-0.56101872617105 -0.0546492815911072
-0.257155420941429 -0.242539168020306
-0.253203717789599 -0.299458171279478
-0.471546260616236 0.188130627798853
-0.527819569883048 -0.125556138286172
-0.585147077886396 -0.116323550837777
-0.570624988853279 0.216654460328456
-0.595094684200737 0.0519173002957878
-0.417659091155516 -0.241836194298099
-0.588662245323147 -0.130303519662888
-0.599640560695833 0.0310571421569834
-0.496877171263928 0.147082948697388
-0.35776781462252 -0.231913371989023
-0.243377894580343 0.328473902527643
-0.30740967084357 0.253282910637005
-0.578262565394874 0.0733176237880045
-0.28671755611523 -0.278170915425504
-0.334677830075718 0.291797306557783
-0.573526774510021 0.0768253249716948
-0.347394638949792 0.178156038699857
-0.541747793120572 -0.172577263222533
-0.319561590030097 0.32521150447928
-0.577517326415553 -0.0944819334472269
-0.0155014802994731 -0.506074356755292
-0.241066572883 -0.443020455350251
-0.00945852678385239 -0.627424996442484
-0.0769030125597975 -0.685662845974231
-0.00486316183036317 -0.554564367812651
-0.0343155287082508 -0.66144530163957
-0.284044640016732 -0.33769871400927
-0.281356842680474 -0.931363625725004
-0.022937428395886 -0.616470293678698
-0.0780934393027447 -0.569983806821632
-0.174700561050253 -0.361345133714398
-0.00411962559140622 -0.665997049917266
-0.00415418367668374 -0.610400718822471
-0.00276825157432314 -0.63934222378613
-0.0584896373781377 -0.777847476023529
-0.32585529578896 -0.357535929818518
-0.121391869444422 -0.447614279010987
-0.020015121590622 -0.603974800184347
-0.286396615422028 -0.866024803250746
-0.184235337838715 -0.798895305290898
-0.199396731062602 -0.352254612937085
-0.138453173052308 -0.47644829570158
-0.227275729772597 -0.852689900919249
-0.0200259790822259 -0.61763486878885
-0.0203812600435781 -0.555109619865659
-0.00605628914861867 -0.635352325130439
-0.0954183143601358 -0.748876145184081
-0.315101650415456 -0.953845654164526
-0.270073699720709 -0.390451799093719
-0.256280296686322 -0.803338688678859
-0.00614274225187239 -0.614158367238578
-0.000354710918632262 -0.590390264595241
-0.263453155209609 -0.888309348988933
-0.000518709162767306 -0.624480575473425
-0.193955181874315 -0.892474626335569
-0.263582394483373 -0.89875108398214
-0.240630139922261 -0.922841589023566
-0.0808701920095312 -0.676825610425039
-0.115240557795398 -0.45669836271899
-0.0389812738289502 -0.462805799812957
-0.342844579058571 -0.286265762459401
-0.346796282210401 -0.288633943628964
-0.128453739383764 -0.708306365850353
-0.0721804301169519 -0.527937317615861
-0.0148529221136041 -0.497602781827631
-0.029375011146721 -0.76039771227752
-0.00490531579926279 -0.724975706125546
-0.182340908844484 -0.426140544723599
-0.0113377546768534 -0.630143717198541
-0.000359439304166931 -0.607127040650183
-0.103122828736072 -0.764141731223231
-0.24223218537748 -0.387280734884192
-0.356622105419657 -0.91725107223109
-0.29259032915643 -0.793350367547781
-0.0217374346051259 -0.646583041249937
-0.31328244388477 -0.263540042980803
-0.265322169924282 -0.801735216773691
-0.0264732254899793 -0.659743735502401
-0.252605361050208 -0.906231643131135
-0.0582522068794284 -0.519522372157772
-0.280438409969903 -0.953146651489557
-0.0224826735844472 -0.58464467887648
-0.584498519700527 -0.0358725055864216
-0.358933427117 -0.256852375356261
-0.590541473216148 0.120433314009001
-0.523096987440202 0.0973325242416563
-0.595136838169637 -0.0602856955856862
-0.565684471291749 0.105218912679955
-0.315955359983268 -0.216940957867303
-0.318643157319526 0.189416778377119
-0.577062571604114 0.0429050828144491
-0.521906560697255 -0.113039727130913
-0.425299438949747 -0.288080921066916
-0.595880374408594 0.0203751534079516
-0.595845816323316 -0.0107979885524489
-0.597231748425677 0.0636855758848673
-0.541510362621862 0.127522343050785
-0.27414470421104 -0.279015245559606
-0.478608130555578 -0.22109377558651
-0.579984878409378 -0.0435477348015228
-0.313603384577972 0.281029271223072
-0.415764662161285 0.176004948513503
-0.400603268937398 -0.269735040057041
-0.461546826947692 -0.14892104356756
-0.372724270227403 0.19627774003707
-0.579974020917774 -0.146666002171386
-0.579618739956422 -0.106628491972468
-0.593943710851381 -0.0272272849977564
-0.504581685639864 0.155315514412431
-0.284898349584544 0.288681150301288
-0.329926300279291 -0.364488766257486
-0.343719703313678 0.253396343489624
-0.593857257748128 0.0472156669236036
-0.599645289081368 0.0579539122516284
-0.336546844790391 0.271338624488583
-0.599481290837233 -0.0774831806693482
-0.406044818125685 0.181623479892162
-0.336417605516627 0.274634412848023
-0.359369860077739 0.245730320957999
-0.519129807990469 0.164181073079338
-0.484759442204602 -0.171306888541548
-0.56101872617105 -0.0546492815911072
-0.257155420941429 -0.242539168020306
-0.253203717789599 -0.299458171279478
-0.471546260616236 0.188130627798853
-0.527819569883048 -0.125556138286172
-0.585147077886396 -0.116323550837777
-0.570624988853279 0.216654460328456
-0.595094684200737 0.0519173002957878
-0.417659091155516 -0.241836194298099
-0.588662245323147 -0.130303519662888
-0.599640560695833 0.0310571421569834
-0.496877171263928 0.147082948697388
-0.35776781462252 -0.231913371989023
-0.243377894580343 0.328473902527643
-0.30740967084357 0.253282910637005
-0.578262565394874 0.0733176237880045
-0.28671755611523 -0.278170915425504
-0.334677830075718 0.291797306557783
-0.573526774510021 0.0768253249716948
-0.347394638949792 0.178156038699857
-0.541747793120572 -0.172577263222533
-0.319561590030097 0.32521150447928
-0.577517326415553 -0.0944819334472269
-0.0155014802994731 -0.506074356755292
-0.241066572883 -0.443020455350251
-0.00945852678385239 -0.627424996442484
-0.0769030125597975 -0.685662845974231
-0.00486316183036317 -0.554564367812651
-0.0343155287082508 -0.66144530163957
-0.284044640016732 -0.33769871400927
-0.281356842680474 -0.931363625725004
-0.022937428395886 -0.616470293678698
-0.0780934393027447 -0.569983806821632
-0.174700561050253 -0.361345133714398
-0.00411962559140622 -0.665997049917266
-0.00415418367668374 -0.610400718822471
-0.00276825157432314 -0.63934222378613
-0.0584896373781377 -0.777847476023529
-0.32585529578896 -0.357535929818518
-0.121391869444422 -0.447614279010987
-0.020015121590622 -0.603974800184347
-0.286396615422028 -0.866024803250746
-0.184235337838715 -0.798895305290898
-0.199396731062602 -0.352254612937085
-0.138453173052308 -0.47644829570158
-0.227275729772597 -0.852689900919249
-0.0200259790822259 -0.61763486878885
-0.0203812600435781 -0.555109619865659
-0.00605628914861867 -0.635352325130439
-0.0954183143601358 -0.748876145184081
-0.315101650415456 -0.953845654164526
-0.270073699720709 -0.390451799093719
-0.256280296686322 -0.803338688678859
-0.00614274225187239 -0.614158367238578
-0.000354710918632262 -0.590390264595241
-0.263453155209609 -0.888309348988933
-0.000518709162767306 -0.624480575473425
-0.193955181874315 -0.892474626335569
-0.263582394483373 -0.89875108398214
-0.240630139922261 -0.922841589023566
-0.0808701920095312 -0.676825610425039
-0.115240557795398 -0.45669836271899
-0.0389812738289502 -0.462805799812957
-0.342844579058571 -0.286265762459401
-0.346796282210401 -0.288633943628964
-0.128453739383764 -0.708306365850353
-0.0721804301169519 -0.527937317615861
-0.0148529221136041 -0.497602781827631
-0.029375011146721 -0.76039771227752
-0.00490531579926279 -0.724975706125546
-0.182340908844484 -0.426140544723599
-0.0113377546768534 -0.630143717198541
-0.000359439304166931 -0.607127040650183
-0.103122828736072 -0.764141731223231
-0.24223218537748 -0.387280734884192
-0.356622105419657 -0.91725107223109
-0.29259032915643 -0.793350367547781
-0.0217374346051259 -0.646583041249937
-0.31328244388477 -0.263540042980803
-0.265322169924282 -0.801735216773691
-0.0264732254899793 -0.659743735502401
-0.252605361050208 -0.906231643131135
-0.0582522068794284 -0.519522372157772
-0.280438409969903 -0.953146651489557
-0.0224826735844472 -0.58464467887648
2.98684539697207 0.989328081979052
3.031480416056 0.913160041873645
3.15377571337421 0.99126237425777
3.06352539696774 0.978524465069523
3.13899038871729 1.05347481133166
3.2259885361229 0.940751065430033
3.16505056145366 0.980073819342437
3.20972687743036 0.984785482662194
3.24476036162759 1.07466516229679
3.40721527449822 0.988072977915566
3.34440114433969 0.990425648957976
3.44075660570994 0.825568466769904
3.38100518706592 1.02062006674878
3.39690886774071 0.975310758549694
3.45090901521128 1.09266788971464
3.58285859046802 0.993905856134199
3.49737906596228 1.01096875312861
3.5492571684738 0.998717708836662
3.68207295121097 0.972072568788361
3.64220891833046 0.955458311905499
3.59008537094976 0.987019755181727
3.6414744701632 0.988838813145901
3.69283574907198 1.00172664975448
3.67174833170688 1.10084098308679
3.73886183211102 0.883321243780828
3.83877089441781 1.00194582669285
3.87821200622923 0.998105455813586
3.86822064033139 1.03994405728424
3.9399707851387 1.02511096817178
3.85711789103202 0.963637455208015
4.00085478719782 0.948871595767223
3.98202959080606 1.0362288319026
4.01757137545076 0.947888373400375
4.10557020200034 1.05942180469677
4.1698688169947 0.964772374952669
4.12157497805974 0.993654540410553
4.18131655652774 0.980382724545864
4.13808715909222 1.03903185565972
4.27859973621316 0.98775324033207
4.31262115824322 0.879562067802432
4.21888007353661 1.00109095796045
4.40669987068698 0.982412637352079
4.3987937515213 0.993355995516328
4.34882769420258 0.907640828866661
4.39545024445995 1.08910473697018
4.52831156554889 1.07513236672729
4.50760481362496 0.944339520812666
4.59850631742722 1.02027496857088
4.54735483876533 0.924312681117064
4.56545940978532 1.00751887491438
4.6044171677703 0.943479446839333
4.63582861162772 0.984850566037774
4.64799379751125 1.00325385703004
4.67030613778367 1.05909405679468
4.83648362443428 1.00562510635912
4.85778779779702 1.04851350422718
4.84035292941237 1.00429031728476
4.84766468785321 0.9504277135912
4.81767039547896 0.994690307755392
4.85381081045396 0.969547311866956
5.01765347136728 0.995194580910804
5.08023959693668 1.01310660693027
4.98684539697207 0.989328081979052
5.031480416056 0.913160041873645
5.15377571337421 0.99126237425777
5.06352539696774 0.978524465069523
5.13899038871729 1.05347481133166
5.2259885361229 0.940751065430033
5.16505056145366 0.980073819342437
5.20972687743036 0.984785482662194
5.24476036162759 1.07466516229679
5.40721527449822 0.988072977915566
5.34440114433969 0.990425648957976
5.44075660570994 0.825568466769904
5.38100518706592 1.02062006674878
5.39690886774071 0.975310758549694
5.45090901521128 1.09266788971464
5.58285859046802 0.993905856134199
3.01467187584681 -1.03501722032594
3.04343115221184 -1.0041488134333
3.08428069125362 -0.931220218700689
3.05284675350175 -0.98146083014645
3.08344167593693 -1.06591797613106
3.22963617221323 -1.00439921668053
3.16151469398667 -1.04773366091704
3.29597987442276 -1.00608596931647
3.15096610744147 -1.03628935752352
3.30101964611079 -1.02852567571633
3.30058616044376 -1.08428002075347
3.36847020260103 -1.00878568662574
3.38800367657696 -1.062226798247
3.42016440726968 -1.02159249116517
3.46884359591538 -0.907851076174829
3.47226761426085 -0.984333865875832
3.4952857573101 -0.882270063358152
3.53914400149801 -1.0837689620533
3.55697798932572 -1.0219689566839
3.59491503611933 -0.964614046156291
3.64319863202978 -0.955513661340469
3.63932468430413 -0.998187028586663
3.71563961448942 -0.992287238657677
3.77290034435031 -1.02451291535045
3.69389442286943 -0.940885193740331
3.79092050603475 -1.0482901638615
3.85543359091777 -0.978983014501736
3.81170287882691 -0.99559628663098
3.85437940368849 -1.03457253748404
3.95868556362468 -0.983650879517068
4.02330071623591 -0.938376927692985
4.04566828631677 -1.00065688096268
4.0093785258094 -1.02432661536927
4.11355925181042 -0.963438895375327
4.07311249057791 -0.977420735358494
4.11658050082688 -1.05338038294799
4.18027553438768 -0.91864721392766
4.11169063173181 -0.946435268674795
4.25480636657422 -0.9697730086759
4.27705341756203 -0.897008183580691
4.26217833391866 -1.0099676073701
4.35221162237096 -1.09449969786217
4.41582058497779 -0.963004689809594
4.41921407225224 -0.979513523760007
4.44059240921999 -0.926398821565448
4.48446718322322 -0.993965803059523
4.48551943463952 -0.986041007281247
4.56497162527593 -0.966922185213755
4.43734061408777 -1.08072667650376
4.56015883850989 -0.976918455081248
4.64354962266044 -0.99956074559503
4.6349645134488 -0.911784846228078
4.64332665811829 -1.03912004827367
4.75067724052687 -1.03864481965781
4.67777554508115 -1.00455173845199
4.76925043051655 -1.03309526132182
4.78636867497155 -1.0167776881906
4.96759666767292 -1.05434366409862
4.85014468640124 -1.03321410801984
4.83017469188575 -1.04060432484474
5.00673420653346 -0.980046743874505
4.96443305118212 -1.00481275467319
5.01467187584681 -1.03501722032594
5.04343115221184 -1.0041488134333
5.08428069125362 -0.931220218700689
5.05284675350175 -0.98146083014645
5.08344167593693 -1.06591797613106
5.22963617221323 -1.00439921668053
5.16151469398667 -1.04773366091704
5.29597987442276 -1.00608596931647
5.15096610744147 -1.03628935752352
5.30101964611079 -1.02852567571633
5.30058616044376 -1.08428002075347
5.36847020260103 -1.00878568662574
5.38800367657696 -1.062226798247
5.42016440726968 -1.02159249116517
5.46884359591538 -0.907851076174829
5.47226761426085 -0.984333865875832
5.61034636825884 -0.950191166212975
5.4568086691312 -0.891620256487051
5.49528452515944 -0.872958401322846
5.55633072219034 -0.988389706532605
5.43443785030285 -0.835697726859533
5.44354475449903 -0.859378583951869
5.5650205916279 -0.833366076013141
5.56988216330378 -0.779631346949509
5.50151696593943 -0.767333558148215
5.45665047823455 -0.691400819546787
5.52470261902755 -0.65691969213156
5.56865637675365 -0.577261870845292
5.54818488068176 -0.647685559780874
5.52495400520397 -0.692818329197121
5.40126051577878 -0.49500767995293
5.53724395691961 -0.493659862798094
5.50289689186865 -0.503257263004334
5.49181791906321 -0.43082319943536
5.53098935310928 -0.367448944550115
5.50013840858209 -0.356314920394752
5.50595204787138 -0.441493335651972
5.46134133795283 -0.299181888619952
5.57076595621307 -0.274301280433393
5.49623984352381 -0.254795607711518
5.47728668651822 -0.285268607999579
5.52891773368811 -0.120444416500707
5.49901653848741 -0.173362815371119
5.44888014909067 -0.102069234050711
5.56354708232343 -0.117777468393959
5.48740069660666 -0.0365507436381044
5.50489566333386 0.00013173164590418
5.52531942792322 0.0170197581244391
5.37364352054647 0.0712617108827378
5.39456992971852 0.086117705800728
5.4913216420309 0.133199580200126
5.4317352159473 0.161401694769072
5.52166043495448 0.175148899717798
5.59444203298169 0.246417550662544
5.46003803696421 0.31964514181166
5.47546401698651 0.351390844900683
5.42238538986706 0.224304804136001
5.47362771755824 0.277760060028404
5.558444194279 0.395265500354836
5.52139659563492 0.351249665077886
5.46618995967636 0.397035919904581
5.54309939073641 0.419978552603996
5.48266868164703 0.458241970217468
5.47426965793293 0.56272238181025
5.57207153916559 0.545246053724699
5.51278722830648 0.615419764783694
5.48318179293237 0.546660031260022
5.44077298053694 0.683864642422654
5.427700374005 0.68648112915479
5.59251469538748 0.718911037696186
5.47302648585123 0.837219602127472
5.59713020264813 0.696601164180926
5.49722654361503 0.794778850069809
5.51367479136354 0.795618684372557
5.4769208112895 0.834350775875158
5.53437156377463 0.962689461749286
5.52311371084852 0.835301352199407
5.47908175037417 1.00566890757528
5.61034636825884 1.04980883378703
3.02983111081483 -0.966287207277358
2.91406759615821 -1.02677829012453
2.93575296024569 -0.942268191736236
2.9598838138951 -0.92901193868674
3.01205770486587 -0.862265974099288
2.97257620369873 -0.760338474152583
3.02935133794479 -0.87736465116072
3.0274161060596 -0.730111249458738
2.99795746254698 -0.728644059840255
2.93041623845433 -0.73825923292687
2.93251038110345 -0.702922244968361
3.01722505040266 -0.69267102610196
3.03542411031413 -0.567301874215599
2.97188803587733 -0.636515859623319
3.04713437469949 -0.556447765057748
3.00607264053201 -0.389487132264191
3.08249356152099 -0.455017647876677
2.91830086110361 -0.490962673858297
2.99785861766236 -0.50580378802726
3.06123393223231 -0.364438235474831
2.95647068410811 -0.371654962142746
3.08196822380348 -0.263471193143032
2.99537880601801 -0.257429480164917
2.99494631635253 -0.295688949467583
3.02242583796157 -0.285794599589683
3.05307641635631 -0.159233982556338
2.94172370868559 -0.123152426305684
3.02826728950117 -0.166202943609888
2.96995522626723 -0.0616245864736856
3.01239224466297 -0.0819053604815083
3.01905818835747 -0.0245116845193825
3.07522027321581 -0.0346565609577921
3.02946002611712 0.04275051141057
2.93889933375666 0.115004123322513
3.05574060782751 0.14995862577239
2.97466451182966 0.11430839099966
3.03794921037879 0.205596976498558
3.0714490784474 0.256267838225512
3.07091039880954 0.184758324543186
2.97786533621509 0.259057685902354
3.01052958293457 0.2979991335017
3.01106765513054 0.283438359196883
2.98932148536355 0.265746627566579
2.95379810033124 0.405591976052838
2.99372797314189 0.400802330561884
2.93967706418384 0.451008853963186
3.01940231671752 0.467570364637709
2.97947435654668 0.48417920788239
2.90373655011133 0.605359429578919
3.01392919349348 0.586405119114335
2.96213420991163 0.593246638894216
3.10498614351844 0.707736911024992
3.07135969181764 0.764204574096881
2.96627894836671 0.749028449063018
2.97119058285883 0.717539287744357
2.98609172089691 0.717844386631222
2.96585253009178 0.832680575653575
2.89433441003059 0.848031400311185
2.9735740937469 0.866417541398474
2.99803402695545 0.980264296742781
3.1293521216969 0.949680574857561
2.9635033568088 1.06760332375481
3.02983111081483 1.03371279272264
4.40610522121382 3.38833384204745
1.15199644095275 0.807373440970205
1.21935306342928 -0.64673716707153
1.02165259822217 0.0772989471180504
1.3648117860074 -1.12713242305742
2.9238851303995 2.54164962702671
1.63564086555116 1.53713863135585
1.00012848586966 0.0154367622621841
2.23124140825153 2.18015755009899
4.38060499579064 3.29206562951229
1.01073761014454 0.485518961246883
4.22973655199754 3.50918578649592
1.59037829769321 -1.34011856975438
3.87922673388116 -3.25682779511013
1.4127686554991 1.15011811555923
1.46982172787005 1.21111925425536
1.09249658015354 0.328338111121673
2.35446937903719 -2.08034208991916
1.90897363307699 1.70944124791466
2.36703074893407 -2.30239326624793
1.63247618647914 1.32589142966758
1.00000249388529 0.0735743407128785
3.82207280772023 -3.39711169514435
1.90105493804639 -1.84530943388115
2.7480775384923 -2.33447593276996
1.1293868361999 -0.775161541255064
4.08984011074707 -3.09920404346902
2.9686881930296 -2.48793247578175
1.16064006105848 0.699237918314762
1.70447336736251 -1.4997822285969
1.02870695966023 -0.588420040544838
2.92211060254637 -2.52655547133562
1.66464934834112 -1.61069217773576
1.81924075562348 -2.42939865678099
1.33643674978784 1.34163026614871
1.48462052748595 1.2773066201625
1.03972164846877 0.395533862507742
1.63745306341032 -1.41750421806357
1.45363488515258 -1.33774740628962
1.97013614509995 1.79744902841618
1.30953568440524 1.06176374978372
2.26549737237192 -2.16298118659737
1.05306125257404 0.238135963265338
1.00670453118081 -0.0506114859378573
1.07333783260476 0.629111747136517
3.20738490654218 -2.77382384829795
1.63900516250567 1.77548814611863
1.90424306264999 -1.86103967921844
2.32044034402686 -2.05166630331456
2.1528862779292 -2.05270107720709
1.07640229011037 -0.602775047052697
3.00260416892527 -2.28061393516124
1.00326720452457 0.0976348988399816
1.77614755559288 -1.45133650791835
1.16958141240033 0.855313388127102
2.96270277144846 2.67121005093877
1.49309597405263 1.55538654461978
3.60412929394835 3.03274218372959
2.46590293931465 2.05602453936907
1.17910538302143 -0.911388311947085
1.10862722297738 0.729915222336741
1.05191465932944 -0.225108666219319
1.15380177607013 0.669293936231129
2.52293061692801 2.38673364851298
3.5523055354553 3.21829220846298
2.0843089520775 1.75010668646713
3.78274262791217 3.12367467505558
4.14549351912553 3.26474747945795
1.08796785842329 0.600457497893737
4.48236067213183 -3.45452628934937
2.27954282688153 -2.01196165038212
2.85248065462473 2.39858869790122
1.03431205825275 0.638202347360378
1.66905463105791 1.677290565704
1.90645236228332 1.87852752351729
4.17234542345366 3.24979532982646
1.03039024819741 -0.377972391232843
4.23779382999838 3.29513194774805
1.31032284239593 0.801533879781607
3.00484319183723 2.74591248512849
2.99565314339551 -2.71708343405582
3.74077088919789 -3.21222678643313
1.01062794285501 0.0309191491615315
1.91257270249678 -1.71064903070531
1.05619369067204 -0.697785515455553
1.39722674378443 1.10966150054712
1.77255213758383 1.78340189542015
2.69212798362048 -2.53582532792526
1.4549984467467 -1.07261318977233
1.1895338421675 -0.67744801895202
4.34211120143078 3.36955574673717
1.03042916117133 0.396805307374879
1.9963537713007 -2.13885797873397
2.11903495401635 2.0462110515413
2.83588323040284 2.44939518247309
2.60781405121171 -3.10827914132286
3.97814431720789 3.4850357113016
1.65763528057002 1.49207819405995
1.00526163434395 0.158376799414706
3.04832690501082 2.75370347138376
1.04587634598992 0.323009430821351
1.85388984462139 -1.77399381057488
1.2290042589761 -0.874362864438586
1.00053961226791 -0.0149465092222656
1.46202664048349 -1.46445976541702
1.17483156632885 0.57844988491734
1.10172419236881 0.71915981184709
4.48697414758893 -3.48776403053304
3.7539641705887 -2.82466482463871
1.05538714560581 0.358252740744141
2.89008201077346 -2.47390932125068
1.08889417512046 -0.601734688521466
1.44744128119881 1.1657570325918
1.24236695592331 -0.554164220187676
3.99853072831783 3.23027608484635
1.85909037423873 1.9308666863944
2.07929898589029 2.0284923198253
3.93450838190592 3.25505030004505
4.25750546911207 -3.13490073737213
1.59607940894545 1.45812237642664
1.4541961861399 1.05175621583211
3.55024236920287 2.86797800013577
1.02663481254334 0.418637973440083
3.03193741304848 -2.46563656033439
4.59389477878618 -3.88605210661076
7.84800355904725 -0.879551937334435
7.78064693657072 0.646419107608828
7.97834740177783 -0.251094557834612
7.6351882139926 1.04789256412584
6.0761148696005 -2.78908656913371
7.36435913444884 -1.40413858534024
7.99987151413034 0.386296281994105
6.76875859174847 -2.49012435567764
4.61939500420936 -3.27982407006369
7.98926238985546 -0.418066890949427
4.77026344800246 -3.68811259485374
7.40962170230679 1.52579069089579
5.12077326611884 3.0833789321126
7.5872313445009 -1.1141899617891
7.53017827212996 -1.19877386667808
7.90750341984646 -0.686672304281762
6.64553062096281 1.94702454928268
7.09102636692301 -1.86922265419083
6.63296925106592 2.14656607217734
7.36752381352086 -1.3251944164384
7.99999750611471 0.133566151257233
5.17792719227977 3.07931698772642
7.09894506195361 1.72894626256404
6.2519224615077 2.58446873663097
7.8706131638001 0.937273379760182
4.91015988925293 3.1600184708046
6.0313118069704 2.52814374287246
7.83935993894152 -0.594769212295145
7.29552663263749 1.47378045075785
7.97129304033977 0.152662652421273
6.07788939745363 2.29277536455641
7.33535065165888 1.48074221927678
7.18075924437652 1.60386057509696
7.66356325021216 -1.14946806234673
7.51537947251405 -1.45909492187466
7.96027835153123 -0.302154098522144
7.36254693658968 1.51132768423951
7.54636511484742 1.23257874654783
7.02986385490005 -1.82714488383375
7.69046431559476 -1.18894660426853
6.73450262762808 1.85802927991364
7.94693874742596 -0.375174295280664
7.99329546881919 -0.18221394878153
7.92666216739524 -0.582148301403548
5.79261509345782 2.56049792961054
7.36099483749433 -1.59531796510435
7.09575693735001 1.94389973454484
6.67955965597314 2.00292361803492
6.8471137220708 2.13309904198594
7.92359770988963 0.271293516820075
5.99739583107473 2.46896372193676
7.99673279547543 -0.212547276143392
7.22385244440712 1.33494894144842
7.83041858759967 -0.837566002313196
6.03729722855154 -2.66577855606352
7.50690402594737 -1.2157270680309
5.39587070605165 -2.90668252356026
6.53409706068535 -2.35091774616325
7.82089461697857 0.66631521223403
7.89137277702262 -0.231803610638896
7.94808534067056 0.212558607352846
7.84619822392987 -1.16701220079445
6.47706938307199 -2.45891214487721
5.4476944645447 -3.21861026792568
6.9156910479225 -1.92390229718369
5.21725737208783 -3.20291453398716
4.85450648087447 -3.51218442156495
7.91203214157671 -0.467457451878122
4.51763932786817 3.85625933360566
6.72045717311847 1.70199484480346
6.14751934537527 -2.38634713845261
7.96568794174725 -0.570750277062922
7.33094536894209 -1.85621737406182
7.09354763771668 -1.69285540237589
4.82765457654634 -3.423244192824
7.96960975180259 0.41390054500297
4.76220617000162 -3.28278656017078
7.68967715760407 -1.1598680729417
5.99515680816277 -2.87923002576496
6.00434685660449 2.55730202777965
5.25922911080211 3.05639959236255
7.98937205714499 -0.0302221359323531
7.08742729750322 1.91778952267543
7.94380630932796 0.379990808037626
7.60277325621557 -1.22602467186423
7.22744786241617 -1.53340909155913
6.30787201637952 2.69793716643037
7.5450015532533 1.13342761710791
7.8104661578325 0.717659286042731
4.65788879856922 -3.26508704071756
7.96957083882867 -0.422807085213921
7.0036462286993 1.70310059061041
6.88096504598365 -2.27999115832051
6.16411676959716 -2.57934514093207
6.39218594878829 2.28274105963883
5.02185568279211 -3.29287350749962
7.34236471942998 -1.67386649577211
7.99473836565605 -0.0649970354291079
5.95167309498918 -2.65988000520782
7.95412365401008 -0.42817809056314
7.14611015537862 1.74429795515731
7.7709957410239 0.747180009953769
7.99946038773209 -0.29000539746147
7.53797335951651 1.32742143340169
7.82516843367115 -0.811275319636728
7.89827580763119 -0.67219636611412
4.51302585241107 3.27443811184563
5.2460358294113 3.00483500565298
7.94461285439419 -0.275392685417748
6.10991798922654 2.42516663597105
7.91110582487954 0.682132653300308
7.55255871880119 -1.49723856282443
7.75763304407669 0.742514006963186
5.00146927168217 -3.34518846214976
7.14090962576127 -2.04725425286433
6.92070101410971 -2.0107449340114
5.06549161809408 -3.2496188051698
4.74249453088793 3.47456021396102
7.40392059105455 -1.33206271625731
7.5458038138601 -1.34664942262629
5.44975763079713 -3.11305109984883
7.97336518745666 0.079473638257762
5.96806258695152 2.45308650146792
9.03348689265356 0.986394556280374
8.96110070834528 1.04286174563723
9.18914524252311 1.10989497367711
9.14880611886584 0.912003572383543
9.08954496763132 1.01606734529264
9.23053136037292 1.0176475801718
9.28493143540521 1.03889619454923
9.21059929512586 0.987756174751219
9.23474015502551 0.954618671758755
9.31187957974158 0.974051834435246
9.32581674993289 1.09982462341471
9.28997112410564 1.05645060607878
9.43110542829278 1.02981024149559
9.44116533452872 1.02097032286887
9.34994976669735 0.93506099695166
9.54693157170347 1.07987734158226
9.52737837894456 1.04216110105308
9.58041233848769 0.969568595516893
9.6395911894962 1.00645604268495
9.76155880269683 1.05724474188771
9.6992600425923 0.998421358799319
9.63883551314338 1.06977468935754
9.77115239873237 0.98895594060252
9.6787990031439 0.9964841015352
9.73086724468648 1.022921791142
9.84620456938635 1.04454861062378
9.80560134159603 0.957184643682738
9.90120284025718 0.94870115027713
9.89005578288709 1.0230693637462
9.96453013162352 0.940205637282023
9.95944682224138 1.03375020622806
9.91994507788685 1.01309805130235
9.03792326482781 0.947359283888089
9.02079809351181 0.96735738495995
9.07685757040359 1.02742520695528
9.0970525170855 0.987351744940036
9.11412811243872 0.982588004175577
9.13296733649507 0.932839944262468
9.18822237791123 1.03511755829637
9.27233366697464 1.02206143325023
9.23436987089966 0.970794574368068
9.26613969233487 0.998113990116626
9.37652040286303 0.90346012276786
9.35292556656841 0.984339251686228
9.3623376380135 1.01710574074292
9.39246979471839 0.959808958575396
9.44943297544598 1.00324829603857
9.44698198120631 1.02280865700485
9.52249933210225 0.959174388512629
9.53110752369912 1.01354435556867
9.55413951654474 1.0037135459587
9.63211069328721 0.912414095024139
9.67766605291657 0.959068916394538
9.76987130847113 0.986805015425033
9.72316909388535 0.985968224947428
9.74303335973143 0.975825243397124
9.85176131874753 0.988644253535554
9.84978332171085 1.03849473510748
9.9156680727804 1.02647533871449
9.92814469560743 1.02587489967605
9.87237885683919 0.944528133115873
9.85618186580078 0.991593123823526
9.0134510077941 -1.0904428610057
8.93311474362377 -1.09328141463035
8.99706118075401 -0.884860177528142
9.02449877628495 -0.877221101331532
9.08296382783478 -0.932851707103404
8.89215339300205 -0.879939873623375
8.97862155709397 -0.707477739432036
8.95224794073004 -0.663270760008194
8.96609843218621 -0.781377735019863
9.00759683817141 -0.645961593603804
9.01308635981845 -0.63605664445785
8.95457526800093 -0.716935859447874
9.0017764541827 -0.576988133892277
9.0260875790446 -0.603189142454169
9.05158739068618 -0.548156861357916
9.07297144387736 -0.58227565966207
9.07214955427626 -0.369903389028872
8.96502596496955 -0.412059337759565
9.00382649397055 -0.421786144308417
8.97945865212304 -0.372450051696346
8.96944813438074 -0.420261916488176
9.08305392117946 -0.35811596139146
9.00176858594472 -0.284182971279239
8.9862519120246 -0.23976163173254
8.97619513719101 -0.189081729941087
9.04247138968773 -0.110083229577913
8.89972899686268 -0.151248286770887
9.01276344197174 -0.17407855760618
9.02392128896928 -0.128573035081837
9.0270995866747 -0.0280648759644133
9.12435188541438 -0.0403314172411596
8.95825726542925 -0.0513723055658522
8.97423846029107 0.0741755438633657
9.0021636108042 0.105338017679461
8.93147356628888 0.130631122482381
8.96075682572521 0.144374975925219
8.94746703209499 0.202221193023483
9.01600718228188 0.153308391195979
9.00675602980855 0.23411901229253
8.90975013158579 0.216801691025444
8.97378202132569 0.39358708515723
8.97831275134986 0.399854862073589
9.07975620449088 0.29594306505175
8.97519531666241 0.389106746520683
8.96754252247628 0.423378803740451
9.00027294830657 0.571135291752358
8.96482754955232 0.470115947244668
9.00848445871797 0.407359031947599
9.05389145684222 0.562676435743373
8.89858778628034 0.577176250638825
8.94777641349446 0.613134014631707
8.92348161408197 0.611089027954421
9.00027216608625 0.603498847233646
8.90597689810216 0.785359709923566
9.0425917982981 0.786876554452435
9.02987211562737 0.77751144010927
8.98796797301992 0.727889607741867
8.99200763279051 0.724962598828355
9.0240076850033 0.910923009187937
8.98541903806308 0.899105640024221
9.06309063095431 0.885325235033888
8.96608580750534 1.04471702617856
9.0134510077941 0.909557138994303
9.02682896083874 0.0658495509013904
9.09749481203909 0.0196920717505655
9.03895756599063 -0.0719304554170896
9.04116079833935 0.0239791443447036
9.16407354072562 0.0201401912746347
9.22936483911138 -0.00859230150430701
9.16884342769499 0.0542137388748392
9.27437740772031 -0.0629290788971142
9.21266543398819 0.0356092534057685
9.3274024607437 0.0269979765807942
9.27609688053228 -0.0505462334516242
9.36928306669472 0.0112102220805427
9.31511954915029 -0.00513771121949924
9.39454906075061 -0.0236947241299783
9.47051172368093 0.0411458492814171
9.4268543253919 0.0291023159996162
9.51778898831889 0.0244007990865346
9.60692556456994 0.0113613936517829
9.60679142350087 0.00910382666408371
9.64106183062853 0.0549362941899915
9.6664621870771 -0.0233750488646938
9.7091685363237 -0.0538853140038409
9.81796340822206 -0.0670225552140149
9.72103871846129 0.0463939529206524
9.69237774409619 0.000593758250515997
9.86216384380201 0.0413445621322678
9.82235155724127 -0.117735006716882
9.8889258519616 0.0151924042171969
9.87982737959023 0.0143422147336303
10.0270671510538 0.00433070163220128
10.038438260127 -0.0380242801122659
10.0299882372351 -0.0167122466278702
8.98436711527956 0.0104932013170901
9.05016577226744 0.0353786472882409
9.04601077379626 -2.75112723306936e-05
9.18244596509016 0.0523770576832273
9.14931672258236 -0.127133664531207
9.25572510786075 -0.0412935277226554
9.18112853512228 -0.0534278720667316
9.23733182318111 -0.00788511497387234
9.2266661974311 0.034167382789602
9.23200485390241 -0.0878754605726682
9.37753113031875 0.0197649447241534
9.42987600973061 -0.00056232428069003
9.4403159507964 0.0176124304302241
9.35066474923248 0.00454614528205477
9.51620282332344 -0.0459422576306883
9.47397987704836 -0.0285809161389203
9.55789314984923 -0.0189346399507611
9.53573817660238 -0.0775353248893935
9.51941258324472 0.0740629611414839
9.54441053113006 -0.0247539359755384
9.59710438631261 -0.0992026041420753
9.69704589336071 -0.0374354904974041
9.63142990679069 0.0845802361940543
9.8014786069341 -0.00328594881116517
9.79641778812366 -0.0134978647870427
9.83543031240619 0.0325596539366614
9.89085814722656 0.0159558080166058
9.89418236103375 0.0843955284751455
9.92784472682505 -0.065507438970843
9.91259194970844 -0.00427472649333938
9.00223225611421 -1.02269912519457
9.03868852934169 -1.01252717835664
9.05311953300838 -0.969129653094348
9.11320998736578 -0.986309613028602
9.09170381055682 -1.05585217960166
9.19769323962486 -0.928954494483647
9.25564335954922 -1.07831011139476
9.199427582376 -0.958220574205119
9.30022715057637 -1.02672844297392
9.3987388011683 -0.967897047343816
9.41680469306429 -0.881711829687486
9.24469968642131 -0.95038104860793
9.45752789548558 -1.05686023493478
9.36976393755205 -0.94344157356427
9.45722726013696 -0.988165835238092
9.40051169862554 -1.04509734681677
9.50554164226919 -1.02959828262792
9.48806275577673 -1.08240116393466
9.61135119389375 -0.966396141674218
9.57581521338867 -1.04523619154466
9.59870628523685 -1.02774691573279
9.67354568422994 -0.989504741062528
9.76845637096303 -0.998028893385642
9.82619005674702 -0.996621493377218
9.84936229756254 -1.02449410940836
9.84278842421386 -1.06559533945743
9.85282816672828 -0.960958137532923
9.80568299123591 -1.01825225804442
9.92512975377626 -1.04698055790411
9.87444337319031 -1.02367532899062
9.96218072490956 -1.06829691788731
9.96710004401431 -0.98928790759428
9.05696167553169 -1.03739504924798
8.93411938531467 -0.997991374032815
9.07256376647778 -0.986868168390756
9.08412434311609 -1.04728565959075
9.11606436874005 -0.969065414839196
9.17334509187084 -0.903554196279604
9.23204318089392 -0.902464628962395
9.27575665265912 -0.972058046244251
9.2590405746021 -1.03090724501546
9.29308411687622 -1.0394169461838
9.34638007314103 -1.0438461323394
9.29428484586489 -0.957530414306722
9.4478956438818 -0.931204132711381
9.3597361791727 -1.04019714295868
9.39444028547916 -1.03292332315942
9.50372958400739 -1.01981467317222
9.57032471451121 -0.938267977499855
9.50315566578569 -0.982831939111328
9.70551916880936 -1.07749175217036
9.62294994595923 -1.02102841032707
9.6487528765536 -1.05619640432007
9.74449666602157 -1.02180163670267
9.64149596844895 -0.905522537345226
9.70378147303582 -0.949485218836232
9.83297631225759 -1.01324102184792
9.77529991754014 -0.976913214441529
9.77740940020492 -0.927535130410259
9.85468506705472 -1.0111164186428
9.95172944642611 -0.963501745829072
9.95561094572748 -1.00803314546915
